11th                 | 2  | (398, 399)
adomas               | 2  | (247, 270)
aikštė             | 13 | (201, 206, 208, 210, 258, 260, 261, 264, 266, 267, 286, 288, 289)
aikštės            | 2  | (267, 270)
akademija            | 2  | (303, 304)
aldonas              | 2  | (401)
alyta                | 2  | (6, 73)
alytus               | 2  | (6, 73)
amber                | 2  | (187, 415)
amžiaus             | 3  | (73, 77)
angl                 | 3  | (397, 398, 399)
ant                  | 2  | (276, 295)
antavilių           | 2  | (25, 30)
apaštalų           | 2  | (365, 369)
apgyvendinimo        | 2  | (130, 135)
apie                 | 6  | (6, 73, 77, 87, 361, 437)
apskrities           | 3  | (1, 347, 426)
ar                   | 2  | (108, 295)
arba                 | 2  | (118, 295)
archyvuota           | 6  | (414, 432, 433, 444, 449, 453)
arena                | 4  | (388)
arkikatedra          | 2  | (262, 374)
armija               | 2  | (81, 87)
atnaujinkite         | 2  | (213, 228)
atnaujinti           | 2  | (212, 227)
atodanga             | 3  | (14)
atsirado             | 2  | (189)
atsiveria            | 2  | (14, 262)
atstovybės          | 2  | (1)
auga                 | 4  | (30, 128)
augavietė           | 2  | (32)
aukštosios          | 2  | (308, 314)
aukštumos           | 2  | (14)
aukštutinė         | 3  | (253, 255, 262)
aukščiausia        | 2  | (62, 63)
aukščiausias       | 2  | (280, 289)
aukščiausių       | 2  | (30, 440)
autobusų            | 4  | (185, 189, 193, 195)
aušros              | 8  | (269, 270, 375)
baltasis             | 2  | (141, 157)
baltijos             | 5  | (9, 14, 112, 289, 377)
balžio              | 3  | (25, 37, 38)
baroko               | 2  | (267)
based                | 2  | (398, 399)
baseinas             | 2  | (388)
batoro               | 2  | (85, 172)
bažnyčia           | 16 | (267, 270, 360, 363, 364, 365, 366, 367, 368, 369, 370, 371, 372, 373, 380)
bažnyčios          | 2  | (203, 267)
bažnyčių          | 2  | (252, 361)
be                   | 2  | (21, 212)
bei                  | 6  | (25, 77, 103, 262, 270)
belmonto             | 2  | (30, 171)
bendriniu            | 2  | (6, 73)
bendrinėje          | 2  | (6, 73)
bent                 | 2  | (212, 227)
bernardinų          | 3  | (30, 167, 252)
bet                  | 3  | (81, 103, 262)
biblioteka           | 5  | (77, 346, 347, 348, 349)
bokštas             | 4  | (262, 278, 279, 289)
britannica           | 3  | (397, 398, 399)
butų                | 2  | (118)
buvo                 | 13 | (81, 83, 85, 87, 122, 124)
bvp                  | 5  | (112, 120, 122)
būna                | 2  | (54, 56)
centras              | 13 | (1, 83, 112, 328, 330, 331, 332, 336, 337, 338, 343, 344)
centre               | 2  | (267, 293)
centrinė            | 4  | (14, 348, 420, 422)
centro               | 2  | (9, 446)
centru               | 2  | (77)
centrų              | 2  | (270, 289)
cerkvė              | 3  | (270, 377)
dailės              | 2  | (166, 304)
dalis                | 8  | (14, 25, 81, 120, 212, 227, 295)
dangų               | 3  | (380, 382, 383)
dar                  | 4  | (21, 270, 295)
darbo                | 2  | (330, 332)
darbuotojų          | 2  | (328, 336)
daug                 | 2  | (32, 112)
daugiau              | 4  | (118, 120, 361, 380)
daugiausia           | 2  | (14, 30)
departamentas        | 4  | (410, 425, 426, 427)
didysis              | 3  | (76, 77)
didžiausias         | 2  | (185, 388)
didžiausių         | 2  | (289, 377)
dievo                | 5  | (363, 377, 380, 382, 383)
dirbo                | 2  | (114, 247)
du                   | 2  | (103, 120)
duomenys             | 6  | (58, 68, 419, 420, 422, 425)
dvasios              | 3  | (270, 368, 380)
dėl                 | 3  | (14, 112, 270)
edition              | 4  | (397, 398, 399, 430)
ekonomika            | 2  | (93, 107)
enciklopedija        | 5  | (407, 408, 421, 423, 424)
enciklopedijų       | 7  | (401, 405, 407, 408, 421, 423, 424)
encyclopedia         | 3  | (398, 399)
erdvė               | 3  | (262, 267, 270)
eur                  | 3  | (120, 124)
europoje             | 2  | (77, 270)
europos              | 11 | (9, 97, 210, 286, 288, 289, 310, 353, 390)
evangelikai          | 2  | (240, 241)
evangelikų          | 2  | (380)
ežerai              | 2  | (25)
ežeras              | 5  | (25, 37, 38)
ežerų              | 3  | (25, 103)
fabrikas             | 2  | (93)
forma                | 7  | (6, 73)
formos               | 2  | (6, 73)
galite               | 3  | (109, 213, 228)
gamyklos             | 2  | (93)
gariūnų            | 2  | (18, 150)
gatves               | 3  | (187, 191, 415)
gatvė               | 3  | (200, 209, 270)
gatvės              | 3  | (172, 175, 270)
gedimino             | 6  | (77, 256, 262, 305)
geležinio           | 2  | (77, 156)
geležinkelio        | 4  | (91, 173, 193, 334)
greitieji            | 2  | (185, 189)
greta                | 2  | (270)
gubernijos           | 2  | (83)
gyvenamieji          | 3  | (118)
gyvenamosios         | 4  | (420, 422, 425, 426)
gyveno               | 2  | (247)
gyventojai           | 5  | (133, 211, 295, 426, 427)
gyventojui           | 4  | (112, 120, 122, 124)
gyventojų           | 10 | (81, 87, 214, 229, 419, 420, 422, 425, 427, 428)
iki                  | 4  | (77, 83, 191, 388)
informacijos         | 2  | (212, 227)
informaciją         | 2  | (213, 228)
institutas           | 6  | (401, 405, 406, 407, 408, 423)
intakas              | 3  | (14, 21)
interaktyvi          | 2  | (398, 399)
ir                   | 98 | (1, 6, 9, 14, 25, 30, 32, 50, 56, 73, 77, 81, 83, 85, 87, 103, 112, 118, 120, 122, 124, 128, 135, 146, 177, 179, 183, 185, 189, 200, 213, 215, 228, 247, 252, 262, 267, 270, 284, 289, 293, 297, 303, 309, 328, 333, 334, 337, 338, 339, 341, 365, 369, 373, 380, 392, 401, 405, 407, 408, 420, 423, 426, 446)
isbn                 | 3  | (401, 431)
istorija             | 3  | (69, 70, 262)
iš                  | 14 | (6, 21, 118, 124, 191, 251, 353, 406, 414, 432, 433, 444, 449, 453)
išlikusi            | 2  | (6, 73)
ištrinkite          | 2  | (213, 228)
jas                  | 2  | (361, 380)
jau                  | 2  | (6, 416)
jeigu                | 2  | (213, 228)
jeruzalės           | 2  | (25, 330)
jis                  | 2  | (91, 112)
jo                   | 4  | (108, 262, 293, 295)
jono                 | 3  | (270, 373)
jos                  | 3  | (77, 267, 295)
juozapo              | 2  | (295, 311)
jų                  | 4  | (87, 118, 270, 426)
kad                  | 3  | (6, 270)
kaimo                | 4  | (200, 420, 422, 425)
kaip                 | 9  | (6, 56, 73, 77, 83, 103, 262)
kalboje              | 4  | (6, 73)
kalbos               | 3  | (6, 73, 406)
kalno                | 6  | (256, 276, 295)
kalnų               | 3  | (30, 276, 388)
kalvynas             | 2  | (18)
kapinės             | 3  | (282, 283, 377)
karalius             | 2  | (77)
karo                 | 3  | (81, 83, 91)
kartą               | 2  | (77, 81)
katalikai            | 2  | (237, 358)
katalikų            | 3  | (270, 361)
katedra              | 4  | (380, 382, 383)
katedros             | 7  | (206, 207, 258, 260, 261, 267)
kaunas               | 2  | (404, 419)
kazimiero            | 3  | (267, 313)
keletas              | 2  | (21, 25)
keliai               | 2  | (176, 179)
kitas                | 3  | (21, 135, 146)
kiti                 | 5  | (18, 126, 230, 244, 284)
kitos                | 3  | (314, 379, 380)
kitur                | 2  | (25, 56)
kitų                | 2  | (77, 103)
klimatas             | 4  | (49, 50, 60, 409)
km                   | 3  | (9, 14)
konstantinas         | 2  | (247, 284)
konstantino          | 2  | (202, 319)
kopija               | 6  | (414, 432, 433, 444, 449, 453)
koplyčia            | 3  | (270, 375)
kovo                 | 3  | (77, 95, 191)
krepšinio           | 2  | (390, 392)
krituliai            | 2  | (58, 67)
kryžiai             | 2  | (262, 276)
kryžių             | 3  | (272, 274, 275)
kt                   | 5  | (25, 30, 32, 380)
kudirkos             | 2  | (208, 293)
kultūra             | 2  | (77, 350)
kultūros            | 4  | (77, 97, 247)
kunigaikštis        | 3  | (76, 77)
kur                  | 4  | (25, 30, 406)
kuri                 | 4  | (6, 73, 267)
kurie                | 2  | (95, 262)
kurioje              | 2  | (262, 270)
kurios               | 3  | (14, 77, 267)
kursuoja             | 2  | (185, 416)
kyla                 | 2  | (14)
labai                | 2  | (21, 77)
laikotarpio          | 2  | (77, 124)
lazdynų             | 3  | (30, 152, 388)
legenda              | 2  | (77, 295)
leidimas             | 2  | (401, 405)
leidybos             | 5  | (401, 405, 407, 408, 423)
leidžiasi           | 2  | (14)
lenkijos             | 2  | (77)
liepa                | 2  | (32)
lietuva              | 5  | (83, 87, 95, 395, 408)
lietuviškoji        | 2  | (421, 423)
lietuvių            | 4  | (73, 395, 406, 407)
lietuvoje            | 10 | (9, 56, 77, 103, 187, 267, 289, 356)
lietuvos             | 41 | (1, 6, 30, 73, 76, 77, 85, 87, 91, 112, 122, 126, 133, 262, 267, 280, 295, 303, 404, 405, 410, 419, 420, 422, 424, 425, 427)
lietuvą             | 2  | (87, 91)
link                 | 2  | (14, 270)
liubarto             | 2  | (143, 154)
lotynų              | 2  | (6, 73)
machine              | 6  | (414, 432, 433, 444, 449, 453)
marija               | 2  | (401)
marijos              | 4  | (270, 371, 375)
maršrutai           | 3  | (185, 189)
maršrutų           | 4  | (185, 189)
matomi               | 2  | (262, 293)
mašinų             | 3  | (93)
mergelės            | 4  | (270, 371, 375)
metu                 | 2  | (81)
metų                | 6  | (76, 81, 422, 425, 427, 428)
mickevičius         | 2  | (247, 270)
miestas              | 5  | (1, 6, 21, 81, 353)
mieste               | 7  | (25, 73, 77, 112, 114, 118, 185)
miesto               | 31 | (1, 6, 11, 14, 16, 21, 30, 48, 73, 77, 81, 100, 103, 105, 111, 128, 249, 262, 267, 289, 348, 410, 438, 443, 445)
miestą              | 6  | (21, 81, 85, 103)
miestų              | 3  | (77, 103, 405)
mikalojaus           | 2  | (319, 370)
mikalojus            | 2  | (247, 284)
miškai              | 3  | (11, 30)
miškas              | 3  | (30)
miškų              | 2  | (30)
mln                  | 2  | (116, 118)
mlrd                 | 2  | (122, 124)
mm                   | 2  | (50, 67)
modelį              | 2  | (6, 73)
mokslo               | 6  | (247, 401, 405, 407, 408, 423)
mokykla              | 11 | (312, 319, 325, 329, 333, 334, 335, 339, 340, 341, 342)
mokyklos             | 7  | (298, 308, 314, 317, 321, 323, 324)
mokymo               | 7  | (327, 330, 332, 337, 338, 343, 344)
motinos              | 5  | (375, 377, 380, 382, 383)
nacionalinė         | 2  | (319, 346)
namai                | 3  | (118)
namų                | 3  | (87, 91, 204)
naujų               | 3  | (91, 191, 416)
ne                   | 4  | (6, 103, 262, 270)
neries               | 11 | (9, 14, 16, 21, 262, 280, 289)
nerį                | 4  | (21, 146, 148)
nors                 | 2  | (81, 295)
nuo                  | 18 | (1, 6, 9, 58, 73, 77, 83, 91, 95, 256, 262, 267, 270, 295, 377)
nuoroda              | 2  | (409, 410)
objektai             | 3  | (126, 249, 404)
of                   | 4  | (342, 398, 431, 433)
on                   | 2  | (398, 399)
onos                 | 3  | (252, 360, 372)
or                   | 2  | (397, 399)
oro                  | 3  | (58, 193, 439)
ozas                 | 3  | (18, 34, 35)
padaryta             | 2  | (6, 73)
pagal                | 7  | (6, 73, 108, 214, 236, 262, 295)
pagrindinis          | 14 | (30, 70, 100, 139, 184, 255, 261, 266, 275, 279, 283, 288, 292, 352)
pakraštyje          | 2  | (25, 27)
pakraštys           | 2  | (14, 30)
pakraščiais        | 2  | (14, 21)
paminklas            | 5  | (272, 274, 275, 276, 353)
pamėnkalnis         | 3  | (291, 292, 293)
panerių             | 2  | (18, 30)
panorama             | 3  | (72, 90, 451)
parkas               | 8  | (30, 43, 44, 46, 47)
parke                | 2  | (32, 276)
parko                | 5  | (32, 153, 388)
pasaulio             | 3  | (3, 97, 353)
pasenusi             | 2  | (212, 227)
pasižymi            | 2  | (112, 256)
paslaugų            | 3  | (334, 335, 336)
pastatai             | 2  | (11, 289)
pastatyta            | 2  | (93, 377)
pastatų             | 2  | (353, 440)
pat                  | 6  | (6, 14, 77, 262, 392)
pats                 | 2  | (6, 77)
patį                | 2  | (6, 73)
pavadinimas          | 2  | (73, 295)
paveldo              | 3  | (3, 97, 353)
pavilnių            | 2  | (30, 32)
paviršius           | 3  | (13, 14, 16)
per                  | 7  | (30, 87, 139, 146, 148, 163)
pilaitės            | 2  | (25, 30)
pilies               | 2  | (165, 256)
pilis                | 2  | (253, 255)
pilių               | 2  | (32, 276)
pirmieji             | 2  | (185, 191)
pirmojo              | 2  | (83, 419)
pirmą               | 2  | (77, 81)
plyti                | 2  | (14, 27)
po                   | 3  | (81, 83, 91)
pradžioje           | 4  | (77, 114, 187, 428)
pramonė             | 2  | (93)
pranešimą          | 2  | (213, 228)
prasidėjo           | 2  | (91, 191)
prezidentūra        | 2  | (1, 252)
prie                 | 7  | (14, 25, 203, 270, 280, 410, 420)
prieš               | 3  | (95, 148, 163)
priklauso            | 3  | (103, 276, 377)
profesinio           | 3  | (327, 336, 337)
projekto             | 6  | (414, 432, 433, 444, 449, 453)
psl                  | 13 | (395, 396, 397, 402, 403, 404, 405, 406, 408, 411, 421, 423, 424)
pupkis               | 2  | (401)
pusę                | 2  | (30)
pėsčiųjų         | 4  | (146, 151, 153, 157)
rasų                | 2  | (282, 283)
ratas                | 2  | (32)
razmukaitė          | 2  | (401)
redakcija            | 2  | (421, 424)
regiono              | 3  | (77, 91, 122)
rengimo              | 2  | (331, 336)
respublikos          | 5  | (1, 252, 410, 425, 427)
riešės             | 2  | (14, 25)
rinkos               | 2  | (330, 332)
rokantiškių        | 3  | (16, 25, 173)
rotušės            | 7  | (201, 264, 266, 267, 270)
rus                  | 3  | (396, 402, 429)
rusai                | 2  | (81, 230)
rusijos              | 5  | (81, 83)
rytinė              | 2  | (14, 25)
rytų                | 4  | (6, 21, 56, 73)
rūmai               | 3  | (262, 293)
santakoje            | 2  | (9, 262)
sapiegų             | 2  | (30, 32)
saugomos             | 2  | (32, 48)
sausio               | 2  | (95)
savivaldybė         | 5  | (99, 100, 103, 410)
savivaldybės        | 12 | (1, 48, 102, 103, 105, 116, 289, 348)
senamiestis          | 4  | (3, 97, 351, 352)
senamiesčio         | 2  | (446, 447)
seniausių           | 2  | (262, 284)
senoji               | 4  | (6, 73)
senojo               | 2  | (267, 452)
sentikiai            | 3  | (239, 376, 377)
sentikių            | 2  | (377)
siemens              | 2  | (388, 390)
sietinas             | 2  | (6, 73)
simonas              | 2  | (247)
sinagoga             | 3  | (380, 385, 386)
skaičius            | 2  | (130, 428)
skveras              | 3  | (202, 203, 207)
solaris              | 2  | (183)
sostine              | 2  | (91, 97)
sostinė             | 4  | (1, 83, 85)
sostinės            | 4  | (112, 122, 191, 416)
sovietai             | 2  | (91, 95)
sovietų             | 3  | (87, 91, 95)
sparčiai            | 2  | (93, 128)
srovę               | 2  | (148, 163)
stadionas            | 4  | (388)
statistikos          | 7  | (410, 419, 420, 422, 425, 426, 427)
stačiais            | 2  | (14, 256)
stačiatikių        | 3  | (270, 380)
stepono              | 2  | (85, 172)
stiliumi             | 2  | (267, 380)
stotis               | 2  | (193)
straipsnis           | 13 | (70, 100, 139, 184, 255, 261, 266, 275, 279, 283, 288, 292, 352)
straipsnyje          | 2  | (212, 227)
su                   | 14 | (6, 21, 73, 87, 120, 256, 262, 270, 295, 380, 444, 448)
sudaro               | 3  | (11, 14)
sudarė              | 2  | (116, 124)
sukurta              | 3  | (77, 122, 267)
surašymo            | 4  | (419, 422, 425, 427)
surinkti             | 2  | (187, 415)
svarbiausių         | 2  | (270, 284)
sąjungos            | 2  | (87, 95)
sąrašą            | 3  | (3, 97, 353)
taip                 | 7  | (6, 14, 77, 112, 262, 392)
tapo                 | 8  | (77, 87, 91, 97, 267)
tarmėse             | 2  | (6, 73)
tarp                 | 2  | (215, 293)
tarybinė            | 2  | (421, 423)
tauro                | 2  | (293, 295)
tačiau              | 2  | (23, 83)
technologijų        | 3  | (337, 338, 341)
teka                 | 2  | (21)
televizijos          | 3  | (95, 278, 279)
telkšo              | 4  | (25, 103)
temperatūra         | 5  | (50, 58, 64)
teresės             | 2  | (270, 366)
teritorijoje         | 3  | (21, 91, 103)
teritorijos          | 2  | (11, 48)
the                  | 4  | (398, 399, 431)
ties                 | 3  | (14, 23)
tik                  | 5  | (23, 262, 270, 295)
tikrinta             | 2  | (409, 410)
tiltai               | 3  | (138, 148, 163)
tiltas               | 27 | (141, 143, 145, 150, 151, 152, 153, 154, 155, 156, 157, 158, 159, 160, 161, 162, 165, 166, 167, 168, 169, 170, 171, 172, 173, 174, 175)
tiltų               | 2  | (146)
to                   | 2  | (21, 118)
transportas          | 3  | (181, 184, 185)
transporto           | 3  | (135, 189, 334)
trijų               | 4  | (118, 272, 274, 275)
troleibusai          | 3  | (185, 187, 415)
troleibusų          | 4  | (185, 191, 416)
trys                 | 3  | (262, 270, 276)
tsr                  | 4  | (420, 422)
turizmo              | 2  | (128, 339)
tvenkinys            | 3  | (25)
tą                  | 2  | (6, 73)
tūkst               | 2  | (114)
unesco               | 3  | (3, 97, 353)
universitetas        | 8  | (77, 85, 305, 307, 309, 310, 313)
universiteto         | 4  | (77, 312, 316, 349)
universitetą        | 2  | (77, 83)
uostas               | 2  | (193, 439)
upė                 | 4  | (6, 21, 40, 41)
upės                | 5  | (6, 14, 54, 73, 77)
upėvardis           | 2  | (6, 73)
už                  | 2  | (30, 270)
užsienio            | 3  | (1, 112, 124)
užėmė             | 4  | (81, 87, 91, 95)
vadinamas            | 2  | (295, 353)
vadinti              | 2  | (6, 295)
vakarų              | 2  | (77, 122)
valdyba              | 2  | (420, 422)
valdžia             | 3  | (83, 105)
valdžios            | 2  | (1, 112)
vardas               | 4  | (6, 73)
vardo                | 8  | (6, 73)
variantas            | 2  | (6, 73)
vartų               | 8  | (270, 375)
vasarą              | 2  | (87)
veikia               | 4  | (1, 126, 195, 198)
veikė               | 2  | (85, 114)
verkių              | 4  | (25, 30, 32)
verslo               | 9  | (289, 312, 333, 334, 336, 337, 339, 341)
vid                  | 3  | (63, 64, 65)
vidurio              | 2  | (122, 270)
vidutinė            | 3  | (50)
viena                | 2  | (23, 377)
vienam               | 4  | (112, 120, 122, 124)
vienas               | 6  | (247, 267, 270, 289, 295, 353)
vienos               | 2  | (30, 284)
vienuolynas          | 2  | (270)
vietos               | 4  | (32, 270, 295, 419)
vietovės            | 4  | (420, 422, 425, 426)
viešasis            | 3  | (181, 184, 185)
vilko                | 2  | (77, 156)
vilna                | 5  | (6, 73, 397, 398, 399)
vilnelės            | 2  | (262)
vilnia               | 8  | (6, 14, 21, 73)
vilniaus             | 111 | (1, 3, 6, 27, 30, 60, 68, 70, 73, 77, 81, 83, 85, 87, 90, 91, 93, 97, 100, 103, 105, 116, 120, 128, 130, 183, 184, 185, 191, 193, 209, 214, 229, 255, 256, 262, 267, 270, 276, 279, 289, 293, 298, 302, 304, 305, 306, 311, 312, 316, 320, 330, 331, 332, 333, 334, 335, 336, 337, 338, 339, 341, 347, 348, 349, 352, 374, 377, 380, 382, 383, 385, 386, 409, 410, 426, 434, 439, 440, 441, 443, 444, 445, 446, 447, 448, 449, 451, 452)
vilnios              | 5  | (6, 9, 40, 41, 73)
vilnis               | 4  | (6, 73, 187, 415)
vilniui              | 2  | (76, 77)
vilniuje             | 10 | (30, 56, 85, 91, 93, 95, 191, 267, 289, 415)
vilnius              | 36 | (1, 6, 73, 77, 83, 87, 97, 270, 395, 401, 405, 406, 407, 408, 420, 421, 422, 423, 424, 425, 426, 427, 432, 434, 453)
vilnią              | 3  | (139, 146, 163)
vilnių              | 10 | (77, 81, 85, 87, 91, 95, 103, 262, 437)
vingio               | 9  | (23, 30, 32, 43, 44, 46, 47, 153, 388)
viršijo             | 2  | (120, 122)
visa                 | 3  | (83, 87, 262)
visi                 | 2  | (112, 134)
viso                 | 3  | (124, 191, 230)
visoje               | 3  | (56, 77, 270)
visų                | 2  | (298, 364)
vokiečių           | 2  | (87, 200)
vyko                 | 2  | (95, 390)
vyrauja              | 2  | (30)
vyriausioji          | 2  | (421, 424)
vyriška             | 3  | (6)
vystėsi             | 2  | (83, 93)
wayback              | 6  | (414, 432, 433, 444, 449, 453)
wilno                | 4  | (6, 397, 399, 411)
xiii                 | 2  | (77, 411)
xix                  | 2  | (72, 377)
xv                   | 3  | (6, 73, 407)
xviii                | 2  | (81, 262)
yra                  | 39 | (1, 6, 9, 14, 16, 18, 23, 25, 30, 32, 50, 73, 112, 146, 185, 193, 212, 227, 262, 267, 270, 280, 289, 293, 295, 353, 356, 361, 380, 388)
Čia                 | 3  | (270, 284, 289)
Čiurlionis          | 2  | (247, 284)
čia                 | 3  | (361, 380)
Ėmimo               | 3  | (380, 382, 383)
Įkurtos             | 2  | (93, 284)
įmonės             | 2  | (114, 185)
įsigalėjo          | 2  | (6, 73)
įsigalėjęs        | 2  | (6, 73)
įstaigos            | 3  | (135, 297, 327)
įtrauktas           | 3  | (3, 97, 353)
Šeškinės          | 3  | (18, 34, 35)
Šiame               | 2  | (212, 227)
Šiaurės            | 6  | (14, 27, 77, 81, 91, 270)
Šv                  | 15 | (252, 267, 270, 311, 360, 365, 366, 367, 369, 370, 372, 373, 380)
Šventosios          | 2  | (77, 368)
Švč                | 7  | (270, 363, 371, 375, 377)
šaltinis            | 3  | (114, 116, 118)
šalyse              | 2  | (289, 377)
šiaurėje           | 2  | (14, 25)
šiaurės            | 3  | (14, 25, 30)
šio                 | 3  | (267, 295)
šios                | 2  | (262, 270)
šv                  | 2  | (203, 267)
Žalgirio            | 2  | (388, 392)
Žemiausia           | 2  | (16, 66)
Žirmūnų           | 3  | (145, 160, 332)
Žvėryno            | 2  | (32, 155)
žemėlapis          | 6  | (80, 444, 445, 446, 448, 449)
žinoma              | 2  | (6, 73)
žodžiu             | 2  | (6, 73)
žr                  | 2  | (361, 380)
žydų               | 6  | (77, 87, 270, 380)
